1,10001
10002,20001
20002,30001
30002,40001
40002,50001
50002,60001
60002,70001
70002,80001
80002,90001
90002,100001
100002,110001
110002,120001
120002,130001
130002,140001
140002,150001
150002,160001
160002,170001
170002,180001
180002,190001
190002,200001
200002,210001
210002,220001
220002,230001
230002,240001
240002,250001
250002,260001
260002,270001
270002,280001
280002,290001
290002,300001
300002,310001
310002,320001
320002,330001
330002,340001
340002,350001
350002,360001
360002,370001
370002,380001
380002,390001
390002,400001
400002,410001
410002,420001
420002,430001
430002,440001
440002,450001
450002,460001
460002,470001
470002,480001
480002,490001
490002,500001
500002,510001
510002,520001
520002,530001
530002,540001
540002,550001
550002,560001
560002,570001
570002,580001
580002,590001
590002,600001
600002,610001
610002,620001
620002,630001
630002,640001
640002,650001
650002,660001
660002,670001
670002,680001
680002,690001
690002,700001
700002,710001
710002,720001
720002,730001
730002,740001
740002,750001
750002,760001
760002,770001
770002,780001
780002,790001
790002,800001
800002,810001
810002,820001
820002,830001
830002,840001
840002,850001
850002,860001
860002,870001
870002,880001
880002,890001
890002,900001
900002,910001
910002,920001
920002,930001
930002,940001
940002,950001
950002,960001
960002,970001
970002,980001
980002,990001
990002,1000001
1000002,1010001
1010002,1020001
1020002,1030001
1030002,1040001
1040002,1050001
1050002,1060001
1060002,1070001
1070002,1080001
1080002,1090001
1090002,1100001
1100002,1110001
1110002,1120001
1120002,1130001
1130002,1140001
1140002,1150001
1150002,1160001
1160002,1170001
1170002,1180001
1180002,1190001
1190002,1200001
1200002,1210001
1210002,1220001
1220002,1230001
1230002,1240001
1240002,1250001
1250002,1260001
1260002,1270001
1270002,1280001
1280002,1290001
1290002,1300001
1300002,1310001
1310002,1320001
1320002,1330001
1330002,1340001
1340002,1350001
1350002,1360001
1360002,1370001
1370002,1380001
1380002,1390001
1390002,1400001
1400002,1410001
1410002,1420001
1420002,1421179
