1,7234
7235,14467
14468,21700
21701,28933
28934,36166
36167,43399
43400,50632
50633,57865
57866,65098
65099,72331
72332,79564
79565,86797
86798,94030
94031,101263
101264,108496
108497,115729
115730,122962
122963,130195
130196,137428
137429,144661
144662,151894
151895,159127
159128,166360
166361,173593
173594,180826
180827,188059
188060,195292
195293,202525
202526,209758
209759,216991
216992,224224
224225,231457
231458,238690
238691,245923
245924,253156
253157,260389
260390,267622
267623,274855
274856,282088
282089,289321
289322,296554
296555,303787
303788,311020
311021,318253
318254,325486
325487,332719
332720,339952
339953,347185
347186,354418
354419,361651
361652,368884
368885,376117
376118,383350
383351,390583
390584,397816
397817,405049
405050,412282
412283,419515
419516,426748
426749,433981
433982,441214
441215,448447
448448,455680
455681,462913
462914,470146
470147,477379
477380,484612
484613,491845
491846,499078
499079,506311
506312,513544
513545,520777
520778,528010
528011,535243
535244,542476
542477,549709
549710,556942
556943,564175
564176,571408
571409,578641
578642,585874
585875,593107
593108,600340
600341,607573
607574,614806
614807,622039
622040,629272
629273,636505
636506,643738
643739,650971
650972,658204
658205,665437
665438,672670
672671,679903
679904,687136
687137,694369
694370,701602
701603,708835
708836,716068
716069,723301
723302,730534
730535,737767
737768,745000
745001,752233
752234,759466
759467,766699
766700,773932
773933,781165
781166,788398
788399,795631
795632,802864
802865,810097
810098,817330
817331,824563
824564,831796
831797,839029
839030,846262
846263,853495
853496,860728
860729,867961
867962,875194
875195,882427
882428,889660
889661,896893
896894,904126
904127,911359
911360,918592
918593,925825
925826,933058
933059,940291
940292,947524
947525,954757
954758,961990
961991,969223
969224,976456
976457,983689
983690,990922
990923,998155
998156,1005388
1005389,1012621
1012622,1019854
1019855,1027087
1027088,1034320
1034321,1041553
1041554,1048786
1048787,1056019
1056020,1063252
1063253,1070485
1070486,1077718
1077719,1084951
1084952,1092184
1092185,1099417
1099418,1106650
1106651,1113883
1113884,1121116
1121117,1128349
1128350,1135582
1135583,1142815
1142816,1150048
1150049,1157281
1157282,1164514
1164515,1171747
1171748,1178980
1178981,1186213
1186214,1193446
1193447,1200679
1200680,1207912
1207913,1215145
1215146,1222378
1222379,1229611
1229612,1236844
1236845,1244077
1244078,1251310
1251311,1258543
1258544,1265776
1265777,1273009
1273010,1280242
1280243,1287475
1287476,1294708
1294709,1301941
1301942,1309174
1309175,1316407
1316408,1323640
1323641,1330873
1330874,1338106
1338107,1345339
1345340,1352572
1352573,1359805
1359806,1367038
1367039,1374271
1374272,1381504
1381505,1388737
1388738,1395970
1395971,1403203
1403204,1410436
1410437,1417669
1417670,1424902
1424903,1432135
1432136,1439368
1439369,1446601
1446602,1453834
1453835,1461067
1461068,1468300
1468301,1475533
1475534,1482766
1482767,1489999
1490000,1497232
1497233,1504465
1504466,1511698
1511699,1518931
1518932,1526164
1526165,1533397
1533398,1540630
1540631,1547863
1547864,1555096
1555097,1562329
1562330,1569562
1569563,1576795
1576796,1584028
1584029,1591261
1591262,1598494
1598495,1605727
1605728,1612960
1612961,1620193
1620194,1627426
1627427,1634659
1634660,1641892
1641893,1649125
1649126,1656358
1656359,1663591
1663592,1670824
1670825,1678057
1678058,1685290
1685291,1692523
1692524,1699756
1699757,1706989
1706990,1714222
1714223,1721455
1721456,1728688
1728689,1735921
1735922,1743154
1743155,1750387
1750388,1757620
1757621,1764853
1764854,1772086
1772087,1779319
1779320,1786552
1786553,1793785
1793786,1801018
1801019,1808251
1808252,1808334
