1,4076
4077,8151
8152,12226
12227,16301
16302,20376
20377,24451
24452,28526
28527,32601
32602,36676
36677,40751
40752,44826
44827,48901
48902,52976
52977,57051
57052,61126
61127,65201
65202,69276
69277,73351
73352,77426
77427,81501
81502,85576
85577,89651
89652,93726
93727,97801
97802,101876
101877,105951
105952,110026
110027,114101
114102,118176
118177,122251
122252,126326
126327,130401
130402,134476
134477,138551
138552,142626
142627,146701
146702,150776
150777,154851
154852,158926
158927,163001
163002,167076
167077,171151
171152,175226
175227,179301
179302,183376
183377,187451
187452,191526
191527,195601
195602,199676
199677,203751
203752,207826
207827,211901
211902,215976
215977,220051
220052,224126
224127,228201
228202,232276
232277,236351
236352,240426
240427,244501
244502,248576
248577,252651
252652,256726
256727,260801
260802,264876
264877,268951
268952,273026
273027,277101
277102,281176
281177,285251
285252,289326
289327,293401
293402,297476
297477,301551
301552,305626
305627,309701
309702,313776
313777,317851
317852,321926
321927,326001
326002,330076
330077,334151
334152,338226
338227,342301
342302,346376
346377,350451
350452,354526
354527,358601
358602,362676
362677,366751
366752,370826
370827,374901
374902,378976
378977,383051
383052,387126
387127,391201
391202,395276
395277,399351
399352,403426
403427,407501
407502,411576
411577,415651
415652,419726
419727,423801
423802,427876
427877,431951
431952,436026
436027,440101
440102,444176
444177,448251
448252,452326
452327,456401
456402,460476
460477,464551
464552,468626
468627,472701
472702,476776
476777,480851
480852,484926
484927,489001
489002,493076
493077,497151
497152,501226
501227,505301
505302,509376
509377,513451
513452,517526
517527,521601
521602,525676
525677,529751
529752,533826
533827,537901
537902,541976
541977,546051
546052,550126
550127,554201
554202,558276
558277,562351
562352,566426
566427,570501
570502,574576
574577,578651
578652,582726
582727,586801
586802,590876
590877,594951
594952,599026
599027,603101
603102,607176
607177,611251
611252,615326
615327,619401
619402,623476
623477,627551
627552,631626
631627,635701
635702,639776
639777,643851
643852,647926
647927,652001
652002,656076
656077,660151
660152,664226
664227,668301
668302,672376
672377,676451
676452,680526
680527,684601
684602,688676
688677,692751
692752,696826
696827,700901
700902,704976
704977,709051
709052,713126
713127,717201
717202,721276
721277,725351
725352,729426
729427,733501
733502,737576
737577,741651
741652,745726
745727,749801
749802,753876
753877,757951
757952,762026
762027,766101
766102,770176
770177,774251
774252,778326
778327,782401
782402,786476
786477,790551
790552,794626
794627,798701
798702,802776
802777,806851
806852,810926
810927,815001
815002,819076
819077,823151
823152,827226
827227,831301
831302,835376
835377,839451
839452,843526
843527,847601
847602,851676
851677,855751
855752,859826
859827,863901
863902,867976
867977,872051
872052,876126
876127,880201
880202,884276
884277,888351
888352,892426
892427,896501
896502,900576
900577,904651
904652,908726
908727,912801
912802,916876
916877,920951
920952,925026
925027,929101
929102,933176
933177,937251
937252,941326
941327,945401
945402,949476
949477,953551
953552,957626
957627,961701
961702,965776
965777,969851
969852,973926
973927,978001
978002,982076
982077,986151
986152,990226
990227,994301
994302,998376
998377,1002451
1002452,1006526
1006527,1010601
1010602,1014676
1014677,1018751
1018752,1018776
