1,4050
4051,8099
8100,12148
12149,16197
16198,20246
20247,24295
24296,28344
28345,32393
32394,36442
36443,40491
40492,44540
44541,48589
48590,52638
52639,56687
56688,60736
60737,64785
64786,68834
68835,72883
72884,76932
76933,80981
80982,85030
85031,89079
89080,93128
93129,97177
97178,101226
101227,105275
105276,109324
109325,113373
113374,117422
117423,121471
121472,125520
125521,129569
129570,133618
133619,137667
137668,141716
141717,145765
145766,149814
149815,153863
153864,157912
157913,161961
161962,166010
166011,170059
170060,174108
174109,178157
178158,182206
182207,186255
186256,190304
190305,194353
194354,198402
198403,202451
202452,206500
206501,210549
210550,214598
214599,218647
218648,222696
222697,226745
226746,230794
230795,234843
234844,238892
238893,242941
242942,246990
246991,251039
251040,255088
255089,259137
259138,263186
263187,267235
267236,271284
271285,275333
275334,279382
279383,283431
283432,287480
287481,291529
291530,295578
295579,299627
299628,303676
303677,307725
307726,311774
311775,315823
315824,319872
319873,323921
323922,327970
327971,332019
332020,336068
336069,340117
340118,344166
344167,348215
348216,352264
352265,356313
356314,360362
360363,364411
364412,368460
368461,372509
372510,376558
376559,380607
380608,384656
384657,388705
388706,392754
392755,396803
396804,400852
400853,404901
404902,408950
408951,412999
413000,417048
417049,421097
421098,425146
425147,429195
429196,433244
433245,437293
437294,441342
441343,445391
445392,449440
449441,453489
453490,457538
457539,461587
461588,465636
465637,469685
469686,473734
473735,477783
477784,481832
481833,485881
485882,489930
489931,493979
493980,498028
498029,502077
502078,506126
506127,510175
510176,514224
514225,518273
518274,522322
522323,526371
526372,530420
530421,534469
534470,538518
538519,542567
542568,546616
546617,550665
550666,554714
554715,558763
558764,562812
562813,566861
566862,570910
570911,574959
574960,579008
579009,583057
583058,587106
587107,591155
591156,595204
595205,599253
599254,603302
603303,607351
607352,611400
611401,615449
615450,619498
619499,623547
623548,627596
627597,631645
631646,635694
635695,639743
639744,643792
643793,647841
647842,651890
651891,655939
655940,659988
659989,664037
664038,668086
668087,672135
672136,676184
676185,680233
680234,684282
684283,688331
688332,692380
692381,696429
696430,700478
700479,704527
704528,708576
708577,712625
712626,716674
716675,720723
720724,724772
724773,728821
728822,732870
732871,736919
736920,740968
740969,745017
745018,749066
749067,753115
753116,757164
757165,761213
761214,765262
765263,769311
769312,773360
773361,777409
777410,781458
781459,785507
785508,789556
789557,793605
793606,797654
797655,801703
801704,805752
805753,809801
809802,813850
813851,817899
817900,821948
821949,825997
825998,830046
830047,834095
834096,838144
838145,842193
842194,846242
846243,850291
850292,854340
854341,858389
858390,862438
862439,866487
866488,870536
870537,874585
874586,878634
878635,882683
882684,886732
886733,890781
890782,894830
894831,898879
898880,902928
902929,906977
906978,911026
911027,915075
915076,919124
919125,923173
923174,927222
927223,931271
931272,935320
935321,939369
939370,943418
943419,947467
947468,951516
951517,955565
955566,959614
959615,963663
963664,967712
967713,971761
971762,975810
975811,979859
979860,983908
983909,987957
987958,992006
992007,996055
996056,1000104
1000105,1004153
1004154,1008202
1008203,1012243
